1110000111
1000000001
1000000001
0000000000
0000000000
0000000000
0000000000
1000000001
1000000001
1110000111

1110000111
1000000001
1000000001
0002222000
0002222000
0002222000
0002222000
1000000001
1000000001
1110000111

1111111111
1000000001
1000000001
1000000000
1000000000
1000000000
1000000000
1000000001
1000000001
1111111111

1110000111
1000000001
1000000001
1000000001
1000000001
1000000001
1000000001
1000000001
1000000001
1111111111

1111111111
1000000001
1000000001
1000000001
1000000001
1000000001
1000000001
1000000001
1000000001
1110000111

1111111111
1000000001
1000000001
0000000001
0000000001
0000000001
0000000001
1000000001
1000000001
1111111111

1111111111
1111111111
1000000001
0000000000
0000000000
0000000000
0000000000
1000000001
1111111111
1111111111

1111111111
1111111111
1000000001
0001001000
0000220000
0000220000
0001001000
1000000001
1111111111
1111111111

1110000111
1110000111
1000000001
0000000000
0000000000
0000000000
0000000000
1000000001
1111111111
1111111111

1111111111
1111111111
1000000001
0000000000
0000000000
0000000000
0000000000
1000000001
1110000111
1110000111

1110000111
1000000001
1000000001
0000000000
0000300000
0000000000
0000000000
1000000001
1000000001
1110000111