-- #region Room Templates

local CROSS_ROAD_ROOMS = {
    {
        { 1, 1, 1, 0, 0, 0, 0, 1, 1, 1 },
        { 1, 0, 0, 0, 0, 0, 0, 0, 0, 1 },
        { 1, 0, 0, 0, 0, 0, 0, 0, 0, 1 },
        { 0, 0, 0, 0, 0, 0, 0, 0, 0, 0 },
        { 0, 0, 0, 0, 0, 0, 0, 0, 0, 0 },
        { 0, 0, 0, 0, 0, 0, 0, 0, 0, 0 },
        { 0, 0, 0, 0, 0, 0, 0, 0, 0, 0 },
        { 1, 0, 0, 0, 0, 0, 0, 0, 0, 1 },
        { 1, 0, 0, 0, 0, 0, 0, 0, 0, 1 },
        { 1, 1, 1, 0, 0, 0, 0, 1, 1, 1 },
    },

    {
        { 1, 1, 1, 0, 0, 0, 0, 1, 1, 1 },
        { 1, 0, 0, 0, 0, 0, 0, 0, 0, 1 },
        { 1, 0, 0, 0, 0, 0, 0, 0, 0, 1 },
        { 0, 0, 0, 2, 2, 2, 2, 0, 0, 0 },
        { 0, 0, 0, 2, 2, 2, 2, 0, 0, 0 },
        { 0, 0, 0, 2, 2, 2, 2, 0, 0, 0 },
        { 0, 0, 0, 2, 2, 2, 2, 0, 0, 0 },
        { 1, 0, 0, 0, 0, 0, 0, 0, 0, 1 },
        { 1, 0, 0, 0, 0, 0, 0, 0, 0, 1 },
        { 1, 1, 1, 0, 0, 0, 0, 1, 1, 1 },
    }
}

local SECRET_ROOMS = {
    {
        { 1, 1, 1, 1, 1, 1, 1, 1, 1, 1 },
        { 1, 0, 0, 0, 0, 0, 0, 0, 0, 1 },
        { 1, 0, 0, 0, 0, 0, 0, 0, 0, 1 },
        { 1, 0, 0, 0, 0, 0, 0, 0, 0, 0 },
        { 1, 0, 0, 0, 0, 0, 0, 0, 0, 0 },
        { 1, 0, 0, 0, 0, 0, 0, 0, 0, 0 },
        { 1, 0, 0, 0, 0, 0, 0, 0, 0, 0 },
        { 1, 0, 0, 0, 0, 0, 0, 0, 0, 1 },
        { 1, 0, 0, 0, 0, 0, 0, 0, 0, 1 },
        { 1, 1, 1, 1, 1, 1, 1, 1, 1, 1 },
    },
    
    {
        { 1, 1, 1, 0, 0, 0, 0, 1, 1, 1 },
        { 1, 0, 0, 0, 0, 0, 0, 0, 0, 1 },
        { 1, 0, 0, 0, 0, 0, 0, 0, 0, 1 },
        { 1, 0, 0, 0, 0, 0, 0, 0, 0, 1 },
        { 1, 0, 0, 0, 0, 0, 0, 0, 0, 1 },
        { 1, 0, 0, 0, 0, 0, 0, 0, 0, 1 },
        { 1, 0, 0, 0, 0, 0, 0, 0, 0, 1 },
        { 1, 0, 0, 0, 0, 0, 0, 0, 0, 1 },
        { 1, 0, 0, 0, 0, 0, 0, 0, 0, 1 },
        { 1, 1, 1, 1, 1, 1, 1, 1, 1, 1 },
    },
    
    {
        { 1, 1, 1, 1, 1, 1, 1, 1, 1, 1 },
        { 1, 0, 0, 0, 0, 0, 0, 0, 0, 1 },
        { 1, 0, 0, 0, 0, 0, 0, 0, 0, 1 },
        { 0, 0, 0, 0, 0, 0, 0, 0, 0, 1 },
        { 0, 0, 0, 0, 0, 0, 0, 0, 0, 1 },
        { 0, 0, 0, 0, 0, 0, 0, 0, 0, 1 },
        { 0, 0, 0, 0, 0, 0, 0, 0, 0, 1 },
        { 1, 0, 0, 0, 0, 0, 0, 0, 0, 1 },
        { 1, 0, 0, 0, 0, 0, 0, 0, 0, 1 },
        { 1, 1, 1, 1, 1, 1, 1, 1, 1, 1 },
    }
}

local PATHWAY_ROOMS = {
    {
        { 1, 1, 1, 1, 1, 1, 1, 1, 1, 1 },
        { 1, 1, 1, 1, 1, 1, 1, 1, 1, 1 },
        { 1, 0, 0, 0, 0, 0, 0, 0, 0, 1 },
        { 0, 0, 0, 0, 0, 0, 0, 0, 0, 0 },
        { 0, 0, 0, 0, 0, 0, 0, 0, 0, 0 },
        { 0, 0, 0, 0, 0, 0, 0, 0, 0, 0 },
        { 0, 0, 0, 0, 0, 0, 0, 0, 0, 0 },
        { 1, 0, 0, 0, 0, 0, 0, 0, 0, 1 },
        { 1, 1, 1, 1, 1, 1, 1, 1, 1, 1 },
        { 1, 1, 1, 1, 1, 1, 1, 1, 1, 1 },
    },
    
    {
        { 1, 1, 1, 1, 1, 1, 1, 1, 1, 1 },
        { 1, 1, 1, 1, 1, 1, 1, 1, 1, 1 },
        { 1, 0, 0, 0, 0, 0, 0, 0, 0, 1 },
        { 0, 0, 0, 1, 0, 0, 1, 0, 0, 0 },
        { 0, 0, 0, 0, 2, 2, 0, 0, 0, 0 },
        { 0, 0, 0, 0, 2, 2, 0, 0, 0, 0 },
        { 0, 0, 0, 1, 0, 0, 1, 0, 0, 0 },
        { 1, 0, 0, 0, 0, 0, 0, 0, 0, 1 },
        { 1, 1, 1, 1, 1, 1, 1, 1, 1, 1 },
        { 1, 1, 1, 1, 1, 1, 1, 1, 1, 1 },
    }
}

local CONNECTOR_UP_ROOMS = {
    {
        { 1, 1, 1, 0, 0, 0, 0, 1, 1, 1 },
        { 1, 1, 1, 0, 0, 0, 0, 1, 1, 1 },
        { 1, 0, 0, 0, 0, 0, 0, 0, 0, 1 },
        { 0, 0, 0, 0, 0, 0, 0, 0, 0, 0 },
        { 0, 0, 0, 0, 0, 0, 0, 0, 0, 0 },
        { 0, 0, 0, 0, 0, 0, 0, 0, 0, 0 },
        { 0, 0, 0, 0, 0, 0, 0, 0, 0, 0 },
        { 1, 0, 0, 0, 0, 0, 0, 0, 0, 1 },
        { 1, 1, 1, 1, 1, 1, 1, 1, 1, 1 },
        { 1, 1, 1, 1, 1, 1, 1, 1, 1, 1 },
    }
}

local CONNECTOR_DOWN_ROOMS = {
    {
        { 1, 1, 1, 1, 1, 1, 1, 1, 1, 1 },
        { 1, 1, 1, 1, 1, 1, 1, 1, 1, 1 },
        { 1, 0, 0, 0, 0, 0, 0, 0, 0, 1 },
        { 0, 0, 0, 0, 0, 0, 0, 0, 0, 0 },
        { 0, 0, 0, 0, 0, 0, 0, 0, 0, 0 },
        { 0, 0, 0, 0, 0, 0, 0, 0, 0, 0 },
        { 0, 0, 0, 0, 0, 0, 0, 0, 0, 0 },
        { 1, 0, 0, 0, 0, 0, 0, 0, 0, 1 },
        { 1, 1, 1, 0, 0, 0, 0, 1, 1, 1 },
        { 1, 1, 1, 0, 0, 0, 0, 1, 1, 1 },
    }
}

local EXIT_ROOMS = {
    {
        { 1, 1, 1, 0, 0, 0, 0, 1, 1, 1 },
        { 1, 0, 0, 0, 0, 0, 0, 0, 0, 1 },
        { 1, 0, 0, 0, 0, 0, 0, 0, 0, 1 },
        { 0, 0, 0, 0, 0, 0, 0, 0, 0, 0 },
        { 0, 0, 0, 0, 3, 0, 0, 0, 0, 0 },
        { 0, 0, 0, 0, 0, 0, 0, 0, 0, 0 },
        { 0, 0, 0, 0, 0, 0, 0, 0, 0, 0 },
        { 1, 0, 0, 0, 0, 0, 0, 0, 0, 1 },
        { 1, 0, 0, 0, 0, 0, 0, 0, 0, 1 },
        { 1, 1, 1, 0, 0, 0, 0, 1, 1, 1 },
    }
}

-- #endregion

local mod = {}

local RoomGenerator = {}
RoomGenerator.__index = RoomGenerator
function RoomGenerator:new()
    
end

mod.RoomGenerator = RoomGenerator